-23281
-32261
-14550
22802
-15898
-24635
30912
31224
-21608
31351
718
29136
22696
-5034
32397
-10417
26133
15003
-27056
16518
11869
-5543
26509
-13024
-28308
1701
-7325
18294
14394
21388
-10199
-18448
-8350
-22420
-28789
1324
-3259
27863
-21562
-908
-30411
-3277
-20666
-8949
-32698
11158
22918
16805
21753
-5499
-15288
742
-3393
-16908
-5119
28123
-29149
3077
3760
-5730
21221
-2497
3050
-6431
28896
15430
-20161
-19285
-11625
6465
-25126
-27388
-30541
-10589
10374
11449
-19132
-28772
29422
10546
-32314
24587
-27347
-18620
27379
-1524
-29538
9748
-4746
23785
22802
-12003
24122
10450
29512
11285
31172
-13845
-30821
-29678
-2779
30209
8210
2180
7115
-18471
-22324
-28808
17713
727
-1661
1957
-21196
-30091
20374
7110
-1456
22536
25404
2505
31910
23110
777
-28367
-3893
-5847
24768
-9370
20816
-1669
-1410
-1745
579
-1299
-13546
20512
24904
7084
11476
4899
-31318
27791
-26235
-24325
-17647
8392
12974
25573
554
-7130
-17075
-29362
-24059
732
31642
-14238
-27341
-8727
4190
-16655
