-20262
22838
6851
-2882
1468
-27058
6357
26703
-15282
-29606
16105
-21371
-29224
24565
-19676
21375
14043
-1234
-29085
7524
28019
-13364
-13284
23047
25691
-27074
-26005
-3412
10690
29673
-28324
4786
4312
-11258
6263
9810
21781
5589
395
-22974
-8641
5000
8100
-6311
-13281
-19336
24914
-6848
12553
24032
-19167
-16631
8721
-9930
-16571
23757
1015
1733
10137
30028
-17442
29694
1736
-5514
10925
-21471
-17999
13307
6731
-9634
8718
20202
-31889
5270
7008
26914
-11456
25975
-21761
16358
-26687
27932
12914
-6055
-17962
12078
-21732
30960
11298
25981
-19990
-13561
-19047
28189
-5506
19244
16058
-21520
107
-28741
-14160
-3915
19901
11300
-2820
18328
-4678
-1931
-15094
14138
-15650
-15455
-1956
21032
-18666
10226
12427
-21273
15671
-1943
-15875
-28577
-9550
32256
-10172
32737
16500
31772
21851
27030
14881
-19767
-28018
-26521
31342
22018
-5626
-16797
3015
-20202
-20408
11959
-5079
-4918
1080
7685
6973
-20557
-25341
-32699
8626
3937
31899
-9450
-10037
2473
11813
9125
-1757
31943
