11149
19940
-21273
-29513
-11917
24778
-14269
24793
76
2133
2141
-15802
27194
-1774
2550
-31184
29743
6713
-8247
27624
31034
10741
-10328
-11828
15670
-21838
32374
15030
7628
-26477
20998
829
20697
9734
20403
25947
16169
32376
20223
-22052
-13679
19983
-10505
9791
3681
-29287
-8851
26210
-5818
-11899
-24791
-24417
24414
6924
32722
21397
-23585
-5532
-24351
-21337
22751
4363
-25042
5594
21683
-31922
-24669
2713
-1160
10170
-20839
4565
-1006
25569
-483
31977
-119
-6898
-27360
18956
-26187
-7133
-30361
18776
-30135
-7259
-17803
25472
7492
-22838
-17606
-24303
14773
-8017
22955
20814
28122
-9556
-3273
28611
1952
4287
-31485
10059
2170
-31974
10016
4562
-31842
15288
24974
-27737
-19060
18229
-30182
29022
-7158
8090
6670
32633
-10911
18522
-21790
2672
28168
-26002
2197
22144
